# id	file_path	transparent_color_r	g	b
[TEXTURES]
0	textures\mario.png	255	255	255
20	textures\misc.png	176	224	248
10	textures\enemies.png	3	26	110
30	textures\tiles.png	255	128	192
40	textures\tiles4.png	255	255	255
50	textures\enemies-2.png	0	128	128
60	textures\enemy3.png	255	255	255

# id	left	top	right	bottom	texture_id
[SPRITES]
# BIG MARIO 
# idle right
10001	246	154	260	181	0
# walk
10002	275	154	290	181	0		
10003	304	154	321	181	0
# idle left
10011	186	154	200	181	0
#walk
10012	155	154	170	181	0
10013	125	154	140	181	0
# die 
10099	215	120	231	135	0
#brake right
05001	5	154	21	182	0
#brake left
05015	425	154	441	182	0

#jump right
08014	395	275	411	301	0
# jump left
08002	35	275	51	301	0

#shoot right
08015	423	274	444	301	0

#shoot left
08001	2	274	23	301	0

# SMALL MARIO
# idle small right
10021	247	0	259	15	0
# walk
10022	275	0	291	15	0
10023	306	0	320	15	0
# idle small left
10031	187	0	198	15	0
# walk
10032	155	0	170	15	0
10033	125	0	139	15	0
#jump right
3013	395	80	411	96	0

#jump left
3002	35	80	51	96	0

#brake right 
01001	6	0	26	14	0

#brake left
01015	426	0	440	16	0


# FIRE MARIO
# idle fire right
11009	246	394	260	421	0

# walk
11010	275	394	291	421	0
11011	305	395	321	421	0

# idle fire left
11007	186	394	200	421	0


# walk
11006	155	394	171	421	0
11005	125	395	141	421	0

#jump right 
14002 	34	514	52	542	0

#jump left
14014	395 	514	412	542	0

#brake right
11001	5	394	21	422	0

#brake left
11015	425	394	441	422	0

#===GOOMBA===
#run
30001	5	14	21	29	10
30002	25	14	41	29	10
#die
30003	45	21	61	29	10

#==== TAIL MARIO =====
#idle tail right
17009	243	634	264	662	0
#walk 
17010	272	634	294	662	0
17011	303	634	324	661	0
#idle tail left
17007	182	634	203	662	0
#walk
17006	152	634	174	662	0
17005	122	634	143	661	0
#jump right
20014	392	754	415	781	0

#jump left
20002	31	754	54	781	0

#brake right
17001	5 	633	21	663	0

#brake left
17015	425	633	441	663	0

#fly tail left bottom
19003	61	714	85	742	0

#fly tail left top
20003	61	754	85	781	0

#fly tail right bottom
19013	361	714	385	742	0

#fly tail right top
20013	361	754	385	781	0


# Brick 
100001	290	188	306	204	30

# Coin (width 10, height 16)
100051	303	99	313	115	20
100052	322	99	330	115	20
100053	341	99	347	115	20
						
# ani_id	sprite1_id	time1	sprite2_id	time2	...
[ANIMATIONS]

# ==== MARIO =========
#idle BIG right
400	10001	100
#idle BIG left
401	10011	100
#idle small right
402	10021	100
#idle small left
403	10031	100
#walk right big
500	10001	60	10002	60	10003	60
#walk left big
501	10011	50	10012	50	10013	50
#walk right small
502	10021	100	10022	100	10023	100
#walk left small
503	10031	100	10032	100	10033	100
#die
599	10099	100
#brake BIG right
504	05001	100
#brake BIG left
505	05015	100

#jump BIG right
506	08014	100

#jump BIG left
507 	08002	100

#jump SMALL right
508	3013	100

#jump SMALL left
509	3002	100

# shoot BIG right
510	08001	5

# shoot BIG left
511	08015	5

#brake SMALL right
512	01001	100

#brake SMALL left
513	01015	100

# ==== FIRE MARIO =====
#idle FIRE right
530	11009	100
#idle FIRE left
531	11007	100
#walk FIRE right
540	11010	100	11011	100
#walk FIRE left
541	11006	100	11005	100
#jump FIRE right
542	14014	100
#jump FIRE left
543	14002	100
#brake FIRE right
544	11001	100
#brake FIRE left
545	11015	100


#===== TAIL MARIO ======
#idle TAIL right
550	17009	100
#idle TAIL left
551	17007	100
#walk TAIL right
560	17010	100	17011	100
#walk TAIL left
561	17006	100	17005	100
#jump TAIL right
562	20014	100
#jump TAIL left
563	20002	100
#brake TAIL right
564	17001	100
#brake TAIL left
565	17015	100
#fly TAIL left bottom
566	19003	100
#fly TAIL left top
567	20003	100
#fly TAIL right bottom
568	19013	100
#fly TAIL right top
569	20013	100

#====== BRICK======
10001	100001	100
#==== COIN====
10051	100051	150	100052	150	100053	150




# id	ani1	ani2	ani3
[ANIMATION_SETS]
# MARIO
1	400	401	402	403	500	501	502	503	599	504	505	506	507	508	509	530	531	540	541	542	543	550	551	560	561	562	563	510	511	512	513	544	545	564	565	566	567	568	569


#BRICK
101	10001
#COIN
151	10051


#==============


[OBJECTS]
# type	x	y	ani_set_id	extra_settings per object type
# type: 0 = Mario , 1 = Brick, 2 = Goombam, 3 = Koopas, 4 = Background Object, 5 = Question Brick, 6 = Pipe, 7 = ColorBrick, 8 = Coin

# MARIO
0	150	60	1

#BRICK
1	0	166	101
1	16	166	101
1	32	166	101
1	48	166	101
1	64	166	101
1	80	166	101
1	96	166	101
1	112	166	101
1	128	166	101
1	144	166	101
1	160	166	101
1	176	166	101
1	192	166	101
1	208	166	101
1	224	166	101
1	240	166	101
1	256	166	101
1	272	166	101
1	288	166	101
1	304	166	101
1	320	166	101
1	336	166	101
1	352	166	101
1	368	166	101
1	384	166	101
1	400	166	101
1	416	166	101
1	432	166	101
1	448	166	101
1	464	166	101
1	480	166	101
1	496	166	101

#BRICK 2
1	0	150	101
1	16	150	101
1	32	150	101
1	48	150	101
1	64	150	101
1	80	150	101
1	96	150	101
1	112	150	101
1	128	150	101
1	144	150	101
1	160	150	101
1	176	150	101
1	192	150	101
1	208	150	101
1	224	150	101
1	240	150	101
1	256	150	101
1	272	150	101
1	288	150	101
1	304	150	101
1	320	150	101
1	336	150	101
1	352	150	101
1	368	150	101
1	384	150	101
1	400	150	101
1	416	150	101
1	432	150	101
1	448	150	101
1	464	150	101
1	480	150	101
1	496	150	101

# BRICK 3
1	0	134	101
1	16	134	101
1	32	134	101
1	48	134	101
1	64	134	101
1	80	134	101
1	96	134	101
1	112	134	101
1	256	134	101
1	272	134	101
1	288	134	101
1	304	134	101
1	320	134	101
1	336	134	101
1	352	134	101
1	368	134	101
1	384	134	101
1	400	134	101
1	416	134	101
1	432	134	101
1	448	134	101
1	464	134	101
1	480	134	101
1	496	134	101

#BRICK 4
1	0	118	101
1	16	118	101
1	32	118	101
1	48	118	101
1	64	118	101
1	80	118	101
1	96	118	101
1	112	118	101
1	272	118	101
1	288	118	101
1	304	118	101
1	320	118	101
1	336	118	101
1	352	118	101
1	368	118	101
1	384	118	101
1	400	118	101
1	416	118	101
1	432	118	101
1	448	118	101
1	464	118	101
1	480	118	101
1	496	118	101

#BRICK 5 
1	0	102	101
1	16	102	101
1	32	102	101
1	48	102	101
1	64	102	101
1	80	102	101
1	96	102	101
1	112	102	101
1	288	102	101
1	304	102	101
1	320	102	101
1	336	102	101
1	352	102	101
1	368	102	101
1	384	102	101
1	400	102	101
1	416	102	101
1	432	102	101
1	448	102	101
1	464	102	101
1	480	102	101
1	496	102	101

#BRICK 6
1	0	86	101
1	16	86	101
1	32	86	101
1	48	86	101
1	64	86	101
1	80	86	101
1	96	86	101
1	112	86	101
1	304	86	101
1	320	86	101
1	336	86	101
1	352	86	101
1	368	86	101
1	384	86	101
1	400	86	101
1	416	86	101
1	432	86	101
1	448	86	101
1	464	86	101
1	480	86	101
1	496	86	101

#BRICK 7
1	0	70	101
1	16	70	101
1	32	70	101
1	48	70	101
1	64	70	101
1	80	70	101
1	96	70	101
1	112	70	101
1	320	70	101
1	336	70	101
1	352	70	101
1	368	70	101
1	384	70	101
1	400	70	101
1	416	70	101
1	432	70	101
1	448	70	101
1	464	70	101
1	480	70	101
1	496	70	101

#BRICK 8
1	0	54	101
1	16	54	101
1	32	54	101
1	48	54	101
1	64	54	101
1	80	54	101
1	96	54	101
1	112	54	101
1	336	54	101
1	352	54	101
1	368	54	101
1	384	54	101
1	400	54	101
1	416	54	101
1	432	54	101
1	448	54	101
1	464	54	101
1	480	54	101
1	496	54	101

1	0	38	101
1	16	38	101
1	32	38	101
1	48	38	101
1	64	38	101
1	80	38	101
1	96	38	101
1	112	38	101
1	368	38	101
1	384	38	101
1	400	38	101
1	416	38	101
1	432	38	101
1	448	38	101
1	464	38	101
1	480	38	101
1	496	38	101
1	0	22	101
1	16	22	101
1	32	22	101
1	48	22	101
1	64	22	101
1	80	22	101
1	96	22	101
1	112	22	101
1	368	22	101
1	384	22	101
1	400	22	101
1	416	22	101
1	432	22	101
1	448	22	101
1	464	22	101
1	480	22	101
1	496	22	101
1	0	6	101
1	16	6	101
1	32	6	101
1	48	6	101
1	64	6	101
1	80	6	101
1	96	6	101
1	112	6	101
1	368	6	101
1	384	6	101
1	400	6	101
1	416	6	101
1	432	6	101
1	448	6	101
1	464	6	101
1	480	6	101
1	496	6	101
1	0	-10	101
1	16	-10	101
1	32	-10	101
1	48	-10	101
1	64	-10	101
1	80	-10	101
1	96	-10	101
1	112	-10	101
1	128	-10	101
1	144	-10	101
1	160	-10	101
1	176	-10	101
1	192	-10	101
1	208	-10	101
1	224	-10	101
1	240	-10	101
1	256	-10	101
1	272	-10	101
1	288	-10	101
1	304	-10	101
1	320	-10	101
1	336	-10	101
1	352	-10	101
1	368	-10	101
1	384	-10	101
1	400	-10	101
1	416	-10	101
1	432	-10	101
1	448	-10	101
1	464	-10	101
1	480	-10	101
1	496	-10	101

#coin
8	208	102	151
8	224	118	151
8	240	118	151
8	256	102	151
8	256	86	151
8	240	70	151
8	224	70	151
8	256	54	151
8	256	54	151
8	240	38	151
8	224	38	151
8	208	54	151
#PORTAL


